image_width: 640
image_height: 480
camera_name: camera
camera_matrix:
  rows: 3
  cols: 3
  data: [ 1027.56148,     0.     ,   275.48724,
             0.     ,  1073.8721 ,   203.24598,
             0.     ,     0.     ,     1.     ]
camera_model: plumb_bob
distortion_coefficients:
  rows: 1
  cols: 5
  data: [0.269854, -0.804671, -0.033085, -0.015398, 0.000000]
rectification_matrix:
  rows: 3
  cols: 3
  data: [ 1.,  0.,  0.,
          0.,  1.,  0.,
          0.,  0.,  1.]
projection_matrix:
  rows: 3
  cols: 4
  data: [ 1056.84802,     0.     ,   271.30562,     0.     ,
             0.     ,  1095.79248,   196.28985,     0.     ,
             0.     ,     0.     ,     1.     ,     0.     ]
